(0.2362284,-7.726103) (2.013968,-7.715738) (2.011803,-10.30677) (6.082888,-10.30429) (6.962117,-9.435246) (6.962895,-6.817364) (6.706806,-6.619056) (6.232102,-6.602984) (6.176251,-6.938542) (3.060317,-6.960407) (3.011859,-6.6034) (0.2607511,-6.571015)
(0.8954936,-6.595578) (0.08411826,-6.767831) (0.05762036,-4.452175)
(0.07118475,-8.635859) (0.08622147,-7.654803) (0.9666418,-7.737996)
(-1.460379,-8.631944) (-1.462344,-4.483645)
(-7.368402,1.584177) (-6.555078,1.57672) (-6.557156,4.008165) (-4.60883,5.933904) (1.670171,5.95224) (4.543502,3.066632) (4.553433,1.587478) (5.637702,1.583386)
(-0.2999234,-5.142708) (-0.2951662,-4.452511) (1.997185,-4.436467) (4.564693,-1.878594) (4.549082,0.4435357) (5.659974,0.4535991)
(-7.401506,0.4553653) (-6.580028,0.4451815) (-6.567801,-1.97265) (-4.072343,-4.44449) (-1.812371,-4.433851) (-1.811063,-5.56378)
(14.56604,-4.229232) (15.64946,-4.230859) (15.65051,-2.836758) (17.51895,-2.849281) (19.1273,-4.154813) (19.13222,-5.43117) (17.50414,-6.75653) (15.63534,-6.741789) (15.64649,-5.373594) (14.97682,-5.367826)
(4.952006,1.57443) (6.752982,1.585721) (7.033926,1.475315) (7.801225,1.480557) (7.989945,2.125443) (8.366776,2.596887) (8.386627,3.642199) (9.479401,3.64006) (11.58195,1.583232) (10.50412,1.58118) (10.46297,1.088706) (10.14301,0.6494932) (10.15121,-1.103494) (10.2626,-1.332904)
(4.956852,0.4148467) (7.101061,0.4562553) (7.263814,0.3892393) (8.363285,0.3629824) (8.846294,0.135911) (8.820242,-1.119593) (8.771524,-1.311896)
(8.222275,-4.019724) (7.755623,-4.004018) (7.610951,-4.239169) (7.185065,-4.238694) (7.009696,-4.505672) (7.019401,-5.130587) (6.245888,-5.137787) (6.252361,-4.420362) (6.121649,-4.258716) (5.744867,-4.264971) (5.575344,-4.418731) (5.553154,-5.131573) (4.840867,-5.133445) (4.825717,-4.378825) (4.445279,-4.140391) (5.200883,-3.392043) (5.570336,-3.395252) (6.07529,-2.981499) (6.987266,-2.986429) (7.193809,-2.857087) (8.241753,-2.880474)
(6.565016,-11.72411) (6.987641,-11.79513) (7.896163,-11.79405) (8.188145,-11.67882) (8.455678,-11.41463) (8.826189,-11.20363) (8.838142,-10.35416) (8.728677,-9.931278)
(6.575041,-12.87208) (7.911303,-12.93333) (8.129161,-13.3627) (8.807487,-13.87456) (8.824697,-14.20615) (7.358915,-14.20941) (7.3613,-14.74166) (8.720889,-14.71317) (8.717556,-14.93626) (9.488122,-14.93082) (10.1447,-14.29308) (10.12637,-13.5075) (10.55909,-12.89536) (10.55823,-12.24413) (10.14061,-11.52396) (10.14535,-10.80471) (11.66409,-10.79793) (11.65609,-10.42626) (10.26556,-10.42765) (10.24841,-9.86418)
(15.17467,-4.419531) (12.64121,-4.44558) (12.63906,-2.948531) (10.23936,-3.092088) (10.22813,-0.9974822)
(10.24439,-10.28774) (10.25753,-7.140551) (12.62506,-7.155302) (12.63361,-5.415534) (15.18507,-5.4197)
(8.746116,-10.24708) (8.741796,-6.048161) (11.1656,-6.042319) (11.16558,-4.080832) (7.765801,-4.095026)
(7.799847,-2.876018) (8.758554,-2.886162) (8.773032,-0.922443)
(-14.81697,-11.22099) (-11.38458,-11.21203) (-11.37703,-14.06057) (-10.22454,-14.0326) (-10.21113,-10.33264) (-7.675366,-10.31545)
(-7.695002,-10.31545) (-7.695909,-9.451391) (-10.11512,-9.437295) (-10.13741,-7.76803) (-6.895009,-7.855294) (-6.745681,-7.990388) (-5.197094,-7.945567) (-5.198377,-8.148785) (-6.449782,-9.321177) (-6.435663,-11.45714) (-7.44524,-12.40876) (-8.85337,-12.36879) (-8.805441,-14.07697)
(-8.805441,-14.07697) (-5.374582,-14.06365)
(-14.81383,-12.35692) (-12.88635,-12.35124) (-12.88583,-15.19543) (-5.270284,-15.17392)
(-18.90468,-4.917564) (-19.21733,-4.914915) (-19.25125,-3.487691) (-20.80061,-3.466249) (-20.82514,-1.781794) (-21.77498,-1.781393) (-22.19863,-2.061523) (-22.18964,-2.351079) (-22.92343,-2.855991) (-22.93843,-3.568924) (-22.23674,-3.921036) (-21.91414,-4.717618) (-21.90926,-5.25623) (-21.48744,-5.424995) (-21.48222,-5.773309) (-21.60671,-5.917229) (-21.98811,-5.893168) (-21.98224,-6.374194) (-22.23363,-6.524475) (-22.58218,-6.172986) (-22.88113,-6.147035) (-22.92309,-8.299733) (-21.77963,-9.033682) (-20.80727,-9.037098) (-20.82744,-7.339758) (-19.23684,-7.333115) (-19.2312,-6.027665) (-18.87985,-6.043848)
(1.514437,-12.88248) (0.9000312,-12.87428) (0.9177916,-17.50703) (-3.021377,-17.54297) (-5.077038,-15.46409) (-5.080357,-15.18036) (-5.737282,-15.17595)
(0.02917442,-7.893129) (0.03507514,-9.129563) (0.9134803,-9.266632) (0.9189174,-11.73293) (1.625746,-11.7288)
(-5.709477,-14.03647) (-5.07719,-14.0213) (-5.074898,-11.00069) (-4.480464,-10.70592) (-4.46635,-10.3222) (-2.930291,-9.498736) (-2.852392,-9.117779) (-1.468678,-9.132879) (-1.450918,-8.018958)
(-17.66159,-8.313709) (-17.66675,-9.546221) (-19.51328,-9.537824) (-19.51333,-13.05503) (-18.33128,-13.99051) (-14.8677,-13.99421) (-14.86014,-12.34251) (-14.46036,-12.34108)
(-16.16101,-8.316375) (-16.16359,-9.572023) (-14.88622,-9.570913) (-14.88741,-11.21787) (-14.32632,-11.20666)
(0.97958,-11.76019) (6.992189,-11.7485)
(0.9887347,-12.91188) (4.368167,-12.876) (4.358963,-13.96144)
(5.864928,-13.42998) (5.870777,-12.87888) (6.897767,-12.87967)
(-15.03895,1.597145) (-6.570155,1.575777)
(-15.1985,0.4579078) (-10.23706,0.4484872) (-10.23486,-0.4350799)
(-8.766523,-0.6480405) (-8.767955,0.4350485) (-6.58421,0.4233765)
(-14.63285,-4.891836) (-16.24534,-4.88406) (-16.24988,-1.635784)
(-17.56018,-1.635784) (-17.5364,-3.693102) (-17.65632,-4.623451) (-17.45963,-4.732869) (-17.46077,-4.988844) (-19.02956,-5.000385)
(-16.16554,-9.545579) (-16.20093,-7.663517) (-16.33388,-7.573332) (-16.31617,-6.972282) (-16.15963,-6.06042) (-14.49686,-6.07415)
(-18.98414,-6.040682) (-17.65042,-6.052687) (-17.67024,-9.558265)
(-14.56532,1.662872) (-14.90609,1.650298) (-14.88668,2.885079) (-18.32795,2.894751) (-19.52896,1.864622) (-19.52396,-1.570519) (-17.71379,-1.537421) (-17.68546,-2.032646)
(-14.55745,0.4402371) (-14.85756,0.4410935) (-14.83369,-1.524606) (-16.12798,-1.591758) (-16.13887,-2.05983)
(4.390248,-12.89099) (4.412769,-14.44803) (4.073301,-14.74718) (1.539549,-14.71471) (1.546466,-15.85303) (2.15479,-15.84039) (2.124448,-16.75854) (1.752654,-16.75457) (2.532989,-17.46411) (2.886859,-17.46804) (2.883881,-16.92094) (3.369814,-17.0816) (3.656673,-16.95642) (4.00171,-16.79352) (4.377112,-16.82868) (4.413591,-17.07326) (4.874448,-17.04011) (5.397761,-16.8904) (5.406366,-17.49508) (5.998445,-16.9528) (6.004679,-15.85465) (6.492789,-15.85043) (6.49343,-14.44846) (5.879263,-14.47317) (5.880812,-12.86388)
(-15.45731,-4.882467) (-14.46863,-4.895476) (-14.47101,-3.812231) (-13.55466,-2.877563) (-13.45982,-3.3577) (-13.1225,-3.353385) (-13.08784,-2.893233) (-12.57413,-2.867874) (-11.92476,-3.50242) (-11.93444,-4.685921) (-12.92189,-4.678928) (-12.92335,-5.555384) (-12.75325,-5.688099) (-12.42195,-5.651134) (-12.38069,-5.922665) (-11.94423,-5.987844) (-11.91953,-6.434968) (-12.05945,-6.434929) (-12.06055,-7.300493) (-14.32722,-7.307874) (-14.32708,-6.44428) (-14.46767,-6.447207) (-14.47318,-6.049348) (-15.37626,-6.048749)
(-9.896128,0.09396344) (-9.906479,-1.014971) (-11.16,-1.020813) (-11.12743,-4.796037) (-10.33474,-5.799318) (-5.22831,-5.799926) (-5.220803,-5.351019) (-5.824704,-4.780326) (-5.461809,-4.228658) (-6.392942,-3.4428) (-6.636661,-3.934034) (-6.987354,-3.613638) (-6.967412,-1.019102) (-8.405022,-1.028633) (-8.408207,0.2032199)
(3.33,-8.261624) (3.33,-9.313201) (5.765989,-9.313227) (5.742,-8.261624) (3.33,-8.261624)
(17.88076,-6.179931) (17.45793,-6.386068) (17.72214,-6.643311) (18.11662,-6.310138) (17.88076,-6.179931)
(18.50979,-4.473197) (18.06764,-4.467421) (17.77722,-4.937558) (18.57143,-4.977489) (18.50979,-4.473197)
(17.65212,-3.412386) (17.2644,-3.7608) (17.72674,-3.964799) (18.16902,-3.658661) (17.65212,-3.412386)
(-0.6781706,-13.55313) (-0.5186334,-13.65023) (-0.356359,-13.66372) (-0.1854412,-13.57278) (-0.1816655,-13.09209) (-0.2930961,-12.94377)
(-3.246386,-12.28785) (-3.709773,-12.07104) (-4.100151,-12.41943) (-4.086681,-12.96832) (-3.531352,-13.16967) (-3.234791,-12.87577) (-3.238448,-13.60751) (-2.558987,-13.60691) (-2.55681,-14.15934) (-2.294851,-14.15913) (-2.283567,-14.56503) (-1.581326,-14.83519) (-1.148905,-14.39955) (-1.143201,-14.16828) (-0.6143369,-14.17394) (-0.6246856,-13.58801) (-0.2763608,-12.96624) (-0.283671,-11.13291) (-1.927792,-11.11836) (-1.925223,-11.35053) (-3.245068,-11.37238) (-3.246306,-12.29369)
(-15.80511,-11.39031) (-15.91522,-10.76074) (-16.07204,-10.53166) (-18.71611,-10.4536) (-19.24034,-10.09965) (-19.53993,-10.4893) (-19.49779,-13.02382) (-18.53159,-13.02814) (-18.40778,-12.43455) (-16.19409,-12.45347) (-15.88496,-12.03066) (-15.80511,-11.39031)
(-15.83031,0.8088304) (-15.94042,1.436132) (-16.09725,1.664383) (-18.74131,1.742164) (-19.26554,2.094836) (-19.56513,1.706586) (-19.52299,-0.8187767) (-18.55679,-0.823085) (-18.43298,-0.2316318) (-16.21929,-0.2504853) (-15.91016,0.1707977) (-15.83031,0.8088304)
(-16.22955,-12.49125) (-15.74837,-12.49532) (-15.72997,-10.52501) (-16.2295,-10.52501)
(-16.25475,-0.2881263) (-15.77357,-0.2921864) (-15.75517,1.671011) (-16.2547,1.671011)
(16.476,-5.988) (15.54,-5.988) (15.54,-6.78) (16.476,-6.78) (16.476,-5.988)
(16.476,-2.772) (15.54,-2.772) (15.54,-3.564) (16.476,-3.564) (16.476,-2.772)
(-6.957,-2.549) (-8.067,-2.549) (-8.067,-3.379) (-6.957,-3.379) (-6.957,-2.549)
(-10.077,-2.549) (-11.187,-2.549) (-11.187,-3.379) (-10.077,-3.379) (-10.077,-2.549)
(-6.957,-1.229) (-8.067,-1.229) (-8.067,-2.059) (-6.957,-2.059) (-6.957,-1.229)
(-10.077,-1.229) (-11.187,-1.229) (-11.187,-2.059) (-10.077,-2.059) (-10.077,-1.229)
(-2.910683,2.348959) (-2.188303,2.785507) (-1.933683,3.511235) (-2.064806,3.991863) (-2.610682,4.384067) (-3.341935,4.587026) (-4.275301,4.375321) (-4.825263,3.795358) (-4.775846,2.94697) (-4.058721,2.382533) (-2.910683,2.348959)
(2.014117,2.371759) (2.736497,2.808307) (2.991117,3.534035) (2.859994,4.014663) (2.314118,4.406867) (1.582865,4.609826) (0.6494999,4.398121) (0.09953787,3.818158) (0.1489543,2.96977) (0.8660797,2.405333) (2.014117,2.371759)
(-0.3918829,-0.2814406) (0.3304967,0.1551068) (0.5851166,0.8808349) (0.4539942,1.361462) (-0.09188195,1.753667) (-0.8231351,1.956626) (-1.7565,1.744921) (-2.306462,1.164958) (-2.257046,0.31657) (-1.53992,-0.2478667) (-0.3918829,-0.2814406)
(-2.939483,-2.830241) (-2.217103,-2.393693) (-1.962484,-1.667965) (-2.093606,-1.187338) (-2.639482,-0.7951334) (-3.370735,-0.5921744) (-4.304101,-0.8038793) (-4.854062,-1.383842) (-4.804646,-2.23223) (-4.087521,-2.796667) (-2.939483,-2.830241)
(2.054917,-2.830241) (2.777297,-2.393693) (3.031917,-1.667965) (2.900795,-1.187338) (2.354918,-0.7951334) (1.623665,-0.5921744) (0.6902999,-0.8038793) (0.1403379,-1.383842) (0.1897544,-2.23223) (0.9068797,-2.796667) (2.054917,-2.830241)