(3.71337,-2.238192) (3.687777,-2.593762) (-6.192677,-2.624138) (-6.184436,-0.03365517) (-6.713911,0.02841848) (-6.665236,4.055113) (-2.499738,4.00852) (-2.52292,3.110758) (-2.509094,2.238056) (-2.771595,2.170679) (-2.80248,-0.7535518) (3.695479,-0.6665705)
(7.211442,2.161355) (8.762964,2.16075) (8.751773,5.226181) (11.12137,5.24228) (11.12562,4.513843) (11.26416,4.509835) (11.25983,5.654586)
(3.695692,-2.227394) (13.57364,-2.236449) (13.57352,-0.3868256) (13.71494,-0.3952844) (13.70653,-2.223386) (17.07831,-2.222195) (17.08636,1.597083) (13.69615,1.581925) (13.68949,0.692555) (13.57186,0.69209) (13.56429,3.41575) (13.7098,3.405168) (13.69926,2.460877) (16.67167,2.455469) (16.67134,5.129327) (16.25138,4.924525) (15.90153,5.098832) (14.85329,5.113066) (14.64129,4.891927) (14.30725,5.120798) (14.09058,5.117527) (14.05816,5.476541) (13.71774,5.463151) (13.71342,4.504309) (13.56084,4.517361) (13.55398,5.708665)
(3.680702,-0.7193847) (11.23482,-0.7322021) (11.25548,3.415659) (11.12786,3.419772) (10.75617,3.248261) (10.73357,0.1335044) (3.80519,0.1373074) (3.818368,2.171448) (4.95494,2.163688)
(24.3919,5.646832) (24.40391,5.442618) (29.13271,5.463554) (29.13235,-0.5738076) (26.70813,-0.5683059) (26.73149,-1.518903) (26.95974,-1.376958) (28.65404,-1.375125) (28.65683,-2.748982) (20.33384,-2.765088) (20.3395,-3.770453) (17.93382,-3.75399) (17.96961,-1.380442) (20.87004,-1.529158) (20.88352,-0.57613) (17.95704,-0.5691274) (17.97062,0.8038477) (18.93854,0.7800388) (18.93254,1.598521) (17.98071,1.602374) (17.96151,5.457216) (22.08923,5.464901)
(21.05723,5.580141) (21.04314,1.607991) (20.09641,1.596745) (20.0989,0.7935047) (21.20391,0.7903333) (21.19257,5.576942)
(11.25491,5.620545) (11.25136,7.638169) (12.73018,7.648466) (16.70739,11.60392) (16.70363,15.95111)
(13.56464,5.627538) (13.55336,6.262187) (17.82847,10.52911)
(22.0916,5.628248) (22.10105,6.269244) (17.82738,10.53223)
(18.96374,15.99181) (18.95209,11.60822) (22.92673,7.648565) (23.77438,7.633254) (24.39512,7.429035) (24.40486,5.632056)
(7.220767,8.833663) (7.22247,13.32097) (7.355358,13.31475) (7.347641,9.647293) (12.08101,9.675213) (12.10811,14.14455) (7.977394,14.13185) (7.965653,14.56834) (5.895285,14.56914) (5.340263,13.75509) (4.994918,13.86703) (4.97183,10.77085) (4.854324,10.77326) (4.82991,14.37352) (3.731284,14.37308) (2.88799,13.48531) (2.05535,13.47907) (1.203818,14.39449) (0.08164263,14.39737) (0.09667063,9.66668) (4.986578,9.656466) (4.97504,8.829696)
(16.70916,15.85023) (16.70025,16.77103) (12.87164,16.76122) (12.86896,20.66066) (13.45543,20.44748) (13.97733,20.66153) (13.98698,20.99139) (15.44601,20.98349) (15.45127,20.65192) (15.75683,20.46402) (16.55697,20.66496) (16.56016,17.77095) (16.69854,17.78921) (16.69959,21.05262) (17.28384,21.04772)
(17.29037,21.03862) (17.28807,21.8748) (12.74644,21.8763) (12.75951,22.57441) (13.10651,23.37466) (13.73439,24.10774) (15.4092,25.05675) (16.66343,25.38271) (17.84418,25.4593) (19.55612,25.26398) (21.22287,24.61058) (22.23365,23.81404) (22.85189,22.84578) (22.946,21.83673) (18.39528,21.88615) (18.39615,21.04512)
(18.39268,21.06862) (19.00124,21.0586) (18.97912,19.36902) (19.09182,19.36764) (19.07861,20.87417) (19.93716,20.85499) (19.93814,21.016) (20.60378,20.99647) (20.59911,20.85824) (22.44798,20.86359) (22.43852,20.04767) (22.78794,20.04396) (22.81651,16.90077) (19.54131,16.91623) (19.54423,16.77063) (19.10311,16.76015) (19.10099,18.36283) (18.95522,18.3579) (18.97521,15.8332)
(7.212324,9.84881) (7.219448,2.166317)
(4.975575,9.639039) (4.948083,2.163976)
(16.568,19.02069) (16.128,19.02069) (16.128,18.061) (16.568,18.061) (16.568,19.02069)
(14.298,19.32877) (12.868,19.32877) (12.868,18.837) (14.298,18.837) (14.298,19.32877)
(17.9349,5.586789) (18.00781,5.227939) (18.67603,4.793009) (19.14774,5.096714) (19.15981,5.218315) (20.28024,5.215115) (20.59529,4.862257) (21.07071,5.041684) (21.05624,5.598478) (17.9349,5.586789)
(20.47344,3.445615) (20.90137,3.802666) (20.90182,4.066891) (20.46002,4.36205) (20.02631,4.068808) (20.01486,3.775074) (20.47344,3.445615)
(20.57644,2.875615) (21.00437,3.232666) (21.00482,3.496891) (20.56302,3.79205) (20.12931,3.498807) (20.11786,3.205074) (20.57644,2.875615)
(13.56155,17.24444) (13.35024,17.03253) (13.13379,17.16789) (12.972,17.29) (12.9723,18.24428) (14.402,18.26) (14.442,17.2) (13.56155,17.24444)
(-0.2100389,0) (0.2100389,0.2100389) (0.4200778,0) (0.2100389,0.2100389) (-0.4200778,0)
(-0.15,0) (0.15,0.15) (0.3,0) (0.15,0.15) (-0.3,0)
(-0.1982777,0) (0.1982777,0.1982777) (0.3965554,0) (0.1982777,0.1982777) (-0.3965554,0)
(-0.1982777,0) (0.1982777,0.1982777) (0.3965554,0) (0.1982777,0.1982777) (-0.3965554,0)
(21.03973,3.091555) (19.02226,3.091555) (19.02226,2.636287) (21.03973,2.636287) (21.03973,3.091555)
(4.878,13.541) (4.248,13.541) (4.248,13.351) (4.878,13.351) (4.878,13.541)
(4.878,12.713) (4.248,12.713) (4.248,12.523) (4.878,12.523) (4.878,12.713)
(4.878,11.676) (4.248,11.676) (4.248,11.486) (4.878,11.486) (4.878,11.676)
(-6.140824,2.366569) (-6.841852,2.366569) (-6.841852,1.44923) (-6.140824,1.44923) (-6.140824,2.366569)
(-2.1,2.1913) (-2.78,2.1913) (-2.78,1.08) (-2.1,1.08) (-2.1,2.1913)
(24.92,3.80943) (23.16,3.80943) (23.16,0.9315456) (24.92,0.9315456) (24.92,3.80943)
(27.78,3.80943) (26.02,3.80943) (26.02,0.9315456) (27.78,0.9315456) (27.78,3.80943)
(28.753,6.152) (28.073,6.152) (28.073,5.172) (28.753,5.172) (28.753,6.152)
(29.165,3.735192) (28.755,3.735192) (28.755,1.065314) (29.165,1.065314) (29.165,3.735192)
(29.145,5.06) (28.735,5.06) (28.735,4.28) (29.145,4.28) (29.145,5.06)
(19.027,2.864326) (18.617,2.864326) (18.617,2.661) (19.027,2.661) (19.027,2.864326)
(0.7080002,13.566) (0.07800007,13.566) (0.07800007,13.376) (0.7080002,13.376) (0.7080002,13.566)
(0.5790001,13.4695) (0.08900023,13.4695) (0.08900023,12.682) (0.5790001,12.682) (0.5790001,13.4695)
(0.7080002,12.703) (0.07800007,12.703) (0.07800007,12.513) (0.7080002,12.513) (0.7080002,12.703)
(0.5790001,12.779) (0.08900023,12.779) (0.08900023,11.809) (0.5790001,11.809) (0.5790001,12.779)
(0.7080002,11.701) (0.07800007,11.701) (0.07800007,11.511) (0.7080002,11.511) (0.7080002,11.701)
(1.022,11.5454) (0.2020001,11.5454) (0.2020001,11.114) (1.022,11.114) (1.022,11.5454)
(0.7080002,10.187) (0.07800007,10.187) (0.07800007,9.997) (0.7080002,9.997) (0.7080002,10.187)
(11.635,9.885) (7.905001,9.885) (7.905001,9.655001) (11.635,9.655001) (11.635,9.885)
(10.53,11.48153) (8.13,11.48153) (8.13,10.605) (10.53,10.605) (10.53,11.48153)
(10.50025,4.627614) (9.624989,4.627614) (9.624989,4.265) (10.50025,4.265) (10.50025,4.627614)
(22.63,16.915) (19.55,16.915) (19.55,16.765) (22.63,16.765) (22.63,16.915)
(22.095,18.117) (19.965,18.117) (19.965,17.61187) (22.095,17.61187) (22.095,18.117)
(19.871,23.511) (18.441,23.511) (18.441,23.261) (19.871,23.261) (19.871,23.511)
(17.135,23.425) (15.705,23.425) (15.705,23.175) (17.135,23.175) (17.135,23.425)
(21.845,23.615) (20.415,23.615) (20.415,23.365) (21.845,23.365) (21.845,23.615)
(15.625,23.475) (14.195,23.475) (14.195,23.225) (15.625,23.225) (15.625,23.475)
(15.399,24.317) (13.949,24.317) (13.949,23.967) (15.399,23.967) (15.399,24.317)
(15.756,22.593) (14.306,22.593) (14.306,22.243) (15.756,22.243) (15.756,22.593)
(17.316,22.679) (15.866,22.679) (15.866,22.329) (17.316,22.329) (17.316,22.679)
(19.706,22.699) (18.256,22.699) (18.256,22.349) (19.706,22.349) (19.706,22.699)
(22.68,22.702) (21.23,22.702) (21.23,22.352) (22.68,22.352) (22.68,22.702)
(16.23,25.004) (14.8,25.004) (14.8,24.754) (16.23,24.754) (16.23,25.004)
(21.038,24.766) (19.588,24.766) (19.588,24.416) (21.038,24.416) (21.038,24.766)
(19.367,-2.518978) (18.68754,-2.518978) (18.68754,-2.839065) (19.367,-2.839065) (19.367,-2.518978)
(17.001,1.865) (16.231,1.865) (16.231,0.875) (17.001,0.875) (17.001,1.865)
(15.925,1.865) (15.155,1.865) (15.155,0.875) (15.925,0.875) (15.925,1.865)
(14.539,1.865) (13.769,1.865) (13.769,0.875) (14.539,0.875) (14.539,1.865)
(14.72,-1.882) (13.7,-1.882) (13.7,-2.232) (14.72,-2.232) (14.72,-1.882)
(17.08,-1.879) (16.06,-1.879) (16.06,-2.229) (17.08,-2.229) (17.08,-1.879)
(20.427,2.613) (20.427,2.153) (20.797,1.793) (21.057,1.953) (20.427,2.613)
(9.81149,13.37871) (9.815001,12.48) (11.2387,12.45026) (11.25847,11.15674) (11.47295,11.17267) (11.465,10.86) (12.11164,10.50449) (12.11447,13.38711) (9.81149,13.37871)
(22.0661,19.44129) (21.59683,19.86015) (20.43074,19.8552) (20.04636,19.4479) (19.75579,19.44509) (19.736,18.319) (20.446,17.909) (21.616,17.909) (22.076,18.279) (22.0661,19.44129)
(16.60246,5.043699) (16.4291,4.853531) (16.10734,5.052094) (15.05132,5.074209) (14.85036,4.780072) (14.47607,5.052905) (14.26516,5.059663) (14.26178,5.7193) (16.94973,5.700385) (16.94588,5.045084) (16.60246,5.043699)