(4.468355,-25.19164) (4.642188,-25.4748) (5.859158,-25.97136) (7.379907,-26.17045) (9.318335,-25.85212) (9.691259,-25.51607)
(12.85454,-25.81685) (13.21841,-26.08871) (15.07888,-26.52698) (17.51235,-26.34335) (19.41673,-26.09551) (19.68621,-25.85137)
(31.83391,-17.77156) (31.16781,-16.94566) (30.99393,-16.22257) (32.84105,-16.14146) (32.84063,-15.6644) (31.01169,-15.65007) (31.19056,-14.61455) (32.02383,-13.94915) (33.24313,-13.53686) (34.74972,-13.62016) (34.87443,-11.78193)
(1.163654,-8.0028) (11.41751,-7.992749) (11.42015,-9.245324) (11.07954,-9.219257) (10.46802,-9.175865) (10.10005,-8.969795) (9.726253,-8.987286) (9.737602,-9.120133) (7.71242,-9.124039) (7.702194,-8.981174) (2.543196,-8.972954) (2.216505,-9.236499) (1.586406,-8.953769) (1.588347,-10.41234) (1.889818,-10.42414) (1.875751,-11.16787) (1.56425,-11.43982) (1.58513,-13.01106) (4.34094,-13.01894) (4.351696,-11.30745) (3.332622,-11.3479) (3.13042,-11.16702) (3.143933,-10.42473) (4.461988,-10.43749) (4.454574,-13.01405) (4.805012,-13.01713) (4.800202,-13.99301) (4.261829,-13.97445)
(6.059853,-13.98625) (6.056842,-13.01136) (6.365222,-13.00313) (6.363031,-10.41905) (6.883934,-10.43037) (6.866985,-11.38156) (6.683385,-11.38787) (6.68111,-13.98867) (6.055891,-13.98866)
(6.660733,-13.96993) (11.38878,-13.96052) (11.4079,-10.2124) (11.06013,-10.21909) (11.0841,-10.41887) (8.096922,-10.41325) (8.091213,-11.39648) (11.39786,-11.37933)
(4.623094,-13.24155) (4.616889,-17.96251)
(6.22798,-17.95516) (6.21671,-13.17807)
(4.329903,-17.80734) (4.848855,-17.80634) (4.866112,-18.79152) (3.729993,-18.78318) (3.712253,-18.00079) (4.014073,-18.00014) (4.023358,-16.33687) (3.302862,-15.68751) (2.222462,-15.69674) (2.171762,-16.38062) (1.870695,-16.55518) (1.413249,-16.39653) (1.182948,-15.71359) (0.315588,-15.69561) (0.3355923,-16.98934) (0.5901208,-17.0723) (0.5943825,-17.20404) (0.8280015,-17.29915) (0.8179843,-18.00991) (2.493732,-18.01904) (2.49319,-21.35849) (2.079746,-21.36394) (2.078685,-20.61282) (2.35622,-20.60777) (2.368558,-18.95865) (2.076443,-18.97806) (1.885863,-18.75928) (1.117207,-18.76488) (0.8289199,-19.03341) (0.8386979,-19.20543) (1.388847,-19.19547) (1.596443,-19.43404) (1.575914,-19.69593) (1.435838,-19.77969) (0.8422089,-19.78425) (0.8446279,-19.98297) (0.3109691,-20.59622) (0.8417668,-20.61433) (0.8157988,-21.63438) (0.3295369,-21.70924) (0.3366578,-22.43502) (2.793279,-22.44424) (2.792992,-23.2027) (1.461118,-23.19614) (1.31747,-23.37593) (0.31354,-23.61072) (0.3137934,-24.99285) (4.304623,-24.96215) (4.311398,-23.18888) (4.065456,-23.198) (4.066553,-22.43078) (4.303843,-22.44131) (4.305241,-21.84784) (5.262867,-21.85781) (5.281539,-22.83879) (4.633771,-22.82001) (4.633868,-25.707)
(6.121937,-17.81924) (6.125292,-18.77762) (6.825426,-18.76699) (6.839787,-21.85088) (6.540904,-21.85227) (6.540395,-22.78975) (7.153381,-22.81718) (7.160014,-17.79613) (6.122066,-17.81233)
(9.454855,-25.96852) (9.431522,-21.63816) (12.19316,-21.62917) (12.18578,-20.95824) (12.39046,-20.95943) (12.36431,-22.44428) (10.78102,-22.44403) (10.67416,-22.7368) (10.25398,-22.84688) (10.11095,-23.10449) (10.11586,-23.96232) (11.675,-23.98213) (11.98683,-24.2565) (12.07754,-24.65993) (12.11319,-25.18934) (13.01008,-25.17044) (14.1152,-24.04868) (14.13201,-22.4912) (13.70978,-22.44748) (13.69046,-20.95766) (13.92116,-20.93906) (13.92223,-21.61344) (14.35059,-21.61405) (14.33282,-24.663) (12.82521,-26.22824)
(19.41761,-26.89183) (19.41428,-23.9883) (18.17723,-24.03974) (18.07403,-23.80378) (17.23896,-23.79051) (17.24987,-22.49761) (17.55,-22.48637) (17.55483,-22.85442) (19.63054,-22.86251) (19.63194,-20.89175) (19.23694,-20.54975) (19.22899,-19.82631) (20.36378,-19.8261) (20.34842,-20.56401) (20.06929,-20.57189) (19.98769,-20.68674) (19.72377,-20.70757) (19.73185,-25.68816) (20.47411,-25.67962) (20.4746,-23.78805) (20.92922,-23.78977) (20.91884,-25.68327) (22.64618,-25.65857) (22.64977,-24.8419) (21.57603,-24.84848) (21.57071,-23.77324) (22.64747,-23.79463) (22.65281,-23.03153) (23.25619,-23.03007) (23.27328,-23.97827) (22.75698,-23.98265) (22.74235,-25.67866) (25.35623,-25.67291) (25.34784,-25.31824) (25.6509,-25.32745) (25.64791,-25.98885)
(25.36081,-24.2927) (26.78346,-24.34598) (26.9757,-24.08747) (26.94914,-20.68051) (27.24854,-20.39237) (33.72597,-20.36598)
(25.60491,-25.32418) (28.29795,-25.32301) (28.56379,-25.11761) (28.55518,-21.54346) (28.8744,-21.15343) (33.65784,-21.16417)
(33.62392,-20.36062) (33.74138,-20.37108) (33.98942,-19.83228) (34.34132,-19.84434) (35.3353,-18.84248) (38.09467,-18.81666) (38.33393,-19.0464) (38.4529,-18.96912) (38.45289,-18.25862) (38.2281,-17.98815) (37.93935,-17.9932)
(33.62782,-21.26315) (33.6063,-20.97958) (33.72726,-20.98293) (33.81273,-21.31415) (34.1008,-21.30166) (34.48833,-21.31375) (34.62857,-21.45783) (34.63147,-22.14026) (35.06453,-22.50477) (37.82113,-22.5367) (37.87976,-22.09232) (38.05656,-21.70172) (38.46301,-21.59719) (39.04375,-21.58111) (39.37287,-21.19324) (39.36033,-20.183) (39.15706,-19.87025) (39.17252,-19.18412) (39.29811,-19.09086) (39.48417,-19.31238)
(39.86636,-11.77958) (39.85297,-18.35519) (39.66782,-18.8361) (39.34599,-19.17971)
(38.26079,-11.81432) (38.25633,-18.10769)
(24.79112,-8.297972) (24.60275,-8.309859) (24.60161,-9.347557) (24.93522,-9.361137) (24.93626,-9.281505) (25.99243,-9.277384) (25.98319,-8.309302) (24.76362,-8.30243) (24.76752,-6.596991) (28.4891,-6.597414) (28.45923,-7.883276) (28.0819,-7.898211) (27.26835,-8.311927) (27.25182,-9.284495) (27.67033,-9.284494) (27.64346,-9.429042) (30.11549,-9.410277) (30.1084,-9.26344) (30.76909,-9.30785) (30.7845,-8.539226) (29.29904,-8.507231) (29.30643,-7.69715) (29.00145,-7.67394) (28.97839,-7.201445) (29.26816,-7.067931) (30.77146,-6.979141) (32.51074,-6.985449) (32.5293,-7.183598) (32.63257,-7.192318) (32.61849,-5.816308) (33.23944,-5.262764) (34.96804,-5.275941) (35.62245,-5.857418) (36.93289,-5.911241) (36.93803,-6.817193) (36.95642,-7.421597) (37.01499,-7.498929) (37.21291,-7.564006) (37.30141,-7.493206) (39.42292,-7.540127) (39.60057,-7.493062) (39.68266,-7.383775) (39.69355,-6.823347) (41.01453,-6.819366) (41.00942,-8.521671) (39.64987,-8.511548) (39.65253,-8.208335) (37.28139,-8.251371) (36.92989,-8.531352) (36.92381,-9.269684) (37.82073,-9.275565) (37.82654,-9.387205) (38.14684,-9.405945) (38.16234,-9.270851) (41.01444,-9.254274) (41.00807,-10.88156) (39.70001,-10.87982) (39.71012,-11.84312) (41.33603,-11.85758)
(38.43769,-10.88076) (38.44409,-11.83403) (32.30521,-11.84694) (32.30261,-11.41184) (24.60489,-11.42625) (24.60373,-10.31385) (24.93105,-10.3164) (24.9278,-10.46288) (32.50663,-10.4634) (32.49953,-9.272195) (32.03727,-9.283109) (32.03503,-8.515261) (32.50163,-8.525516) (32.50784,-8.143551) (32.61598,-8.14327) (32.60762,-8.518142) (35.66286,-8.51203) (35.66552,-9.276382) (35.50318,-9.27581) (35.49751,-9.757851) (35.39729,-9.761734) (35.39405,-9.366034) (34.50618,-9.353576) (34.50914,-9.807557) (33.2071,-9.797601) (33.23382,-9.251056) (32.62589,-9.238699) (32.60516,-10.88941) (35.38573,-10.884) (35.39033,-10.73012) (35.502,-10.7328) (35.49858,-10.87894) (37.81333,-10.87426) (37.81733,-10.3591) (38.1471,-10.35867) (38.14536,-10.87858) (38.43985,-10.88128)
(17.69288,-12.43071) (17.92506,-12.44274) (17.91992,-12.73771) (18.13973,-13.14827) (18.93378,-13.03682) (18.93032,-13.74802) (23.40946,-13.73718) (23.41752,-10.04595) (17.67672,-10.04396) (17.69304,-10.65219) (19.11459,-10.72677) (19.19703,-10.83733) (20.77446,-10.84928) (21.06972,-11.36423) (23.21907,-11.98615) (23.20252,-12.70573) (22.73357,-12.50255) (22.23224,-13.00422) (20.03675,-12.9942) (20.02708,-12.52135) (19.64642,-12.50077) (19.58921,-12.24613) (19.4246,-12.09461) (19.07064,-12.11856) (19.0561,-11.69396) (17.68979,-11.67623) (17.69365,-12.43585)
(2.592513,-8.025942) (4.280735,-7.398408) (4.290099,-4.471621) (4.004474,-4.254463) (3.906721,-3.920575) (4.174633,-3.568251) (4.674113,-3.396756) (5.219826,-3.662916) (5.343629,-3.998812) (5.228846,-4.248911) (4.984394,-4.46321) (4.982031,-7.379822) (6.230354,-7.271032)
(23.14033,-6.594245) (23.80352,-6.434936) (23.8171,-3.478621) (23.53148,-3.261463) (23.43372,-2.927575) (23.70163,-2.575251) (24.20111,-2.403756) (24.74683,-2.669916) (24.87063,-3.005812) (24.75585,-3.255911) (24.51139,-3.47021) (24.50903,-6.386822) (24.79138,-6.653455)
(5.413117,-8.351901) (7.054794,-8.276548) (8.697342,-8.510894) (10.10862,-8.303051) (10.58135,-8.118687) (11.00681,-7.484922) (12.62112,-8.204644) (14.23929,-8.974723) (14.40617,-7.258311) (14.29719,-2.043067) (15.70589,-1.51522) (17.53691,-1.506043) (19.03707,-2.029848) (18.93472,-7.274326) (19.20114,-8.927617) (22.39211,-7.533558) (23.25742,-7.609662) (23.75232,-7.498259)
(37.91449,-20.31673) (35.00881,-20.31673) (35.00881,-20.94084) (37.91449,-20.94084) (37.91449,-20.31673)
(26.02585,-6.64) (24.817,-6.64) (24.817,-6.970619) (26.02585,-6.970619) (26.02585,-6.64)
(11.77179,-19.62465) (11.83028,-18.52067) (13.4037,-18.52042) (13.44733,-15.98955) (13.68375,-15.79114) (13.66221,-15.21871) (13.32477,-14.72645) (11.799,-14.733) (11.589,-14.723) (9.954119,-14.72645) (10.04784,-19.60156) (10.24256,-19.60833) (10.2018,-15.63915) (12.86989,-15.59822) (12.99521,-16.18124) (13.21599,-16.24457) (13.21647,-17.73367) (11.58001,-17.74002) (11.55608,-19.60504) (11.77179,-19.62465)
(22.90844,-18.77619) (23.78691,-18.78369) (23.8818,-17.88425) (23.83846,-16.25285) (24.49371,-16.31531) (24.48757,-16.49074) (27.01841,-16.46032) (27.30907,-16.29564) (28.57129,-16.29163) (28.57926,-16.8445) (28.90884,-16.85584) (28.90578,-15.3694) (15.61483,-15.35862) (15.62812,-20.79835) (17.24424,-20.7777) (17.25434,-21.51932) (17.56835,-21.50746) (17.57353,-20.74102) (17.96331,-20.58899) (17.9802,-19.81679) (15.96782,-19.82635) (15.96752,-18.91302) (16.61518,-18.76492) (16.62491,-18.02716) (16.45051,-18.01276) (16.46912,-16.46037) (16.88453,-16.43662) (17.00264,-16.34876) (21.93412,-16.3298) (21.9517,-16.55123) (23.38988,-16.55636) (23.38412,-18.00589) (22.89434,-18.00573) (22.90844,-18.77619)
(21.63955,-18.01692) (17.88043,-18.02346) (17.88024,-18.81244) (18.13617,-18.86934) (21.36609,-18.88367) (21.63298,-18.80225) (21.63955,-18.01692)
(25.04842,-18.75886) (25.3532,-18.74552) (25.34759,-19.82735) (21.61452,-19.81656) (21.65306,-22.25628) (22.08868,-22.44897) (22.14978,-20.58658) (25.36657,-20.61784) (25.35131,-23.00266) (24.53445,-23.02254) (24.5266,-23.98506) (25.34336,-23.98594) (25.33836,-24.35742) (25.65167,-24.35947) (25.67025,-18.97481) (28.91121,-18.98343) (28.9024,-17.81323) (28.5792,-17.8131) (28.57479,-18.02147) (25.03823,-18.00087) (25.04842,-18.75886)
(26.86648,-7.398125) (26.58685,-7.362242) (26.25525,-7.46819) (26.14983,-7.690572) (26.36041,-8.006925) (26.76204,-8.007652) (27.03698,-7.880741) (27.13068,-7.605845) (26.86648,-7.398125)
(5.790905,-19.75676) (3.727096,-19.75676) (3.727096,-20.96208) (5.790905,-20.96208) (5.790905,-19.75676)
(26.83904,-14.12032) (26.22075,-14.01883) (25.39735,-14.13572) (24.71892,-13.72345) (25.51597,-13.2925) (27.56451,-13.30547) (28.30361,-13.6028) (28.42681,-13.89908) (26.83904,-14.12032)
(13.3388,-6.003677) (12.77013,-6.260994) (12.46447,-6.640699) (12.43997,-7.028212) (12.30328,-7.102982) (12.30591,-7.660471) (12.69129,-8.015654) (13.37645,-7.761706) (13.74081,-7.960196) (14.04209,-7.840932) (14.03963,-7.349671) (13.97028,-6.885252) (13.74353,-6.663803) (13.74,-6.37474) (13.3388,-6.003677)
(20.79322,-7.794276) (20.20507,-7.589413) (20.23226,-7.977169) (19.84346,-8.353935) (19.24475,-8.107004) (19.61344,-7.113365) (19.65041,-6.401253) (20.03278,-6.080639) (21.13224,-6.860869) (21.15035,-7.431738) (20.79322,-7.794276)
(9.379,-11.10174) (8.338992,-11.10174) (8.338992,-11.9455) (9.379,-11.9455) (9.379,-11.10174)
(11.147,-11.10174) (10.10699,-11.10174) (10.10699,-11.9455) (11.147,-11.9455) (11.147,-11.10174)
(11.147,-12.94574) (10.10699,-12.94574) (10.10699,-13.7895) (11.147,-13.7895) (11.147,-12.94574)
(9.37,-12.94574) (8.329992,-12.94574) (8.329992,-13.7895) (9.37,-13.7895) (9.37,-12.94574)
(4.303,-24.20208) (3.323,-24.20208) (3.323,-24.508) (4.303,-24.508) (4.303,-24.20208)
(22.72785,-17.09251) (22.22638,-17.09251) (22.22638,-17.53884) (22.72785,-17.53884) (22.72785,-17.09251)
(24.79221,-21.106) (22.99592,-21.106) (22.99592,-22.106) (24.79221,-22.106) (24.79221,-21.106)
(34.16841,-5.455648) (33.56845,-5.455648) (33.56845,-5.682265) (34.16841,-5.682265) (34.16841,-5.455648)
(35.77344,-6.916783) (33.96344,-6.916783) (33.96344,-7.673556) (35.77344,-7.673556) (35.77344,-6.916783)
(18.05003,-25.48757) (17.57003,-25.48757) (17.57003,-25.70757) (18.05003,-25.70757) (18.05003,-25.48757)
(18.77,-25.59) (18.29,-25.59) (18.29,-25.81) (18.77,-25.81) (18.77,-25.59)
(32.08207,-11.78346) (31.60206,-11.78346) (31.60206,-12.00346) (32.08207,-12.00346) (32.08207,-11.78346)
(12.63623,-11.89787) (12.15623,-11.89787) (12.15623,-12.11787) (12.63623,-12.11787) (12.63623,-11.89787)
(7.059857,-16.24459) (6.579858,-16.24459) (6.579858,-16.46459) (7.059857,-16.46459) (7.059857,-16.24459)
(1.571452,-10.26345) (1.819386,-10.43345) (2.262032,-10.0961) (1.571452,-10.26345)
(1.334,-24.403) (0.3184614,-24.39593) (0.3239999,-24.973) (0.674,-24.973) (0.6772294,-24.77208) (1.324769,-24.75715) (1.334,-24.403)
(8.508034,-23.93293) (8.629685,-24.40218) (8.92936,-24.96339) (9.599236,-25.21856) (9.57372,-22.93649) (8.644652,-23.21924) (8.508034,-23.93293)
(11.67719,-16.53101) (11.29618,-16.53452) (11.06358,-16.58503) (10.94267,-16.71943) (10.93917,-16.87988) (11.06962,-17.01637) (11.56154,-17.0409) (11.88714,-16.91338) (11.89764,-16.71949) (11.67719,-16.53101)
(21.01822,-17.32524) (21.40012,-17.168) (21.40401,-17.06523) (21.00678,-16.91912) (20.329,-16.81467) (18.87623,-16.81245) (18.07026,-16.91774) (17.70623,-17.03189) (17.71012,-17.188) (17.74012,-17.208) (18.04012,-17.328) (18.83012,-17.448) (20.22012,-17.448) (21.01822,-17.32524)
(27.34005,-6.938899) (27.93693,-7.230727) (28.42066,-6.909329) (27.80876,-6.653845) (27.34005,-6.938899)
(16.65074,-10.12311) (16.00821,-10.30374) (15.95542,-10.52961) (16.30542,-10.77919) (16.83255,-10.98451) (17.15542,-10.73961) (17.15542,-10.18961) (16.65074,-10.12311)
(4.995,-3.943596) (4.688505,-4.143763) (4.360964,-3.921563) (4.666411,-3.684916) (4.995,-3.943596)
(24.537,-2.915734) (24.2305,-3.115901) (23.90296,-2.893701) (24.20841,-2.657055) (24.537,-2.915734)
(28.8746,-18.89537) (32.58327,-17.87351) (31.65491,-17.43377) (28.904,-18.19115) (28.8746,-18.89537)
(31.08879,-13.97953) (30.4176,-13.91366) (30.037,-14.07843) (30.39278,-14.2843) (30.83512,-14.17834) (31.08879,-13.97953)
(32.36998,-12.94724) (33.05407,-13.68856) (34.27784,-13.63817) (32.97806,-11.86354) (32.30158,-11.74354) (32.36998,-12.94724)
(-0.3,0) (0.3,0.3) (0.6,0) (0.3,0.3) (-0.6,0)