(-16.03356,-0.8336114) (-16.42589,-0.8337003) (-16.42541,0.9505637) (-16.57034,0.9829645) (-16.81557,1.143003) (-16.95277,1.327235) (-17.52295,1.328595) (-17.7697,1.2033) (-19.55016,1.209893) (-19.76917,1.341429) (-20.50605,1.334634) (-21.49481,0.9486741) (-21.97912,0.9304763) (-22.04113,0.8538507) (-22.30273,0.8202428) (-22.61555,0.7253085) (-22.9622,0.7579792) (-23.17584,0.6119347) (-23.30625,0.3478366) (-23.789,0.0429384) (-24.16054,-0.3017496) (-24.50533,-0.3955403) (-24.74094,-0.8068387) (-24.80811,-1.062746) (-24.83992,-1.312127) (-24.80346,-1.510181) (-24.81113,-1.915542) (-24.86881,-1.989878) (-24.85874,-2.201746) (-24.83265,-2.553008) (-24.57797,-2.659963) (-24.22581,-2.664566) (-24.19022,-2.795648) (-24.39435,-2.890892) (-24.72721,-2.980601) (-24.60085,-3.258168) (-24.26596,-3.551901) (-23.75923,-3.765429) (-23.26645,-3.895437) (-22.51438,-3.995637) (-16.43034,-3.992238) (-16.44197,-3.290086) (-16.99006,-3.25973) (-17.10056,-3.094273) (-16.95137,-2.99458) (-16.42274,-2.913776) (-16.42371,-1.629756) (-16.06307,-1.633793)
(-20.10272,-1.295893) (-20.11193,-1.295943) (-19.70463,-1.296661) (-19.60422,-1.033932) (-19.46632,-0.9376636) (-19.32085,-1.019393) (-19.17467,-1.158321) (-19.01633,-1.214837) (-18.67784,-1.081395) (-18.68177,-0.9104306) (-19.32391,-0.7300696) (-19.32608,-0.5958933) (-19.92985,-0.5814762) (-20.12269,-0.8691257) (-20.12657,-1.30092)
(-16.3651,-0.831529) (-15.95491,-0.8274707) (-15.96028,-0.3324225) (-13.8947,-0.3213733) (-13.90263,-0.1285609)
(-16.28759,-1.668149) (-15.94066,-1.671024) (-15.93988,-1.829822) (-11.56497,-1.836438) (-11.56514,-2.698946)
(-12.81856,-0.003014922) (-12.82327,-0.3569322) (-8.911867,-0.3470472) (-8.911534,-0.8289247) (-8.498337,-0.8312216)
(-10.38579,-2.741977) (-10.39086,-1.834694) (-8.893422,-1.837674) (-8.890488,-1.636299) (-8.533977,-1.63752)
(-8.639915,-7.992267) (-9.020933,-7.994788) (-8.998542,-9.290235) (-9.796662,-10.09782) (-14.96192,-10.10381) (-15.59402,-9.424212) (-15.5827,-8.194454) (-14.77676,-7.678015) (-12.93738,-7.682444) (-13.9208,-8.602203) (-13.91713,-9.233377) (-13.09354,-9.239123) (-11.13614,-7.195169) (-11.13431,-5.974114) (-13.2091,-3.545341) (-13.79709,-3.532378) (-13.78797,-4.244041) (-12.73769,-5.565) (-14.50105,-5.562207) (-15.14126,-4.667821) (-15.15109,-3.604205) (-14.95765,-3.48847) (-14.29364,-3.075033) (-14.14488,-2.702812) (-11.56075,-2.6872) (-11.55719,-2.134918)
(-10.38602,-2.14999) (-10.392,-2.66634) (-9.832569,-2.683666) (-9.014154,-3.364316) (-9.005865,-7.186296) (-8.599945,-7.19381)
(-12.80776,-0.1880744) (-12.81205,0.4562474) (-12.0029,0.4557033) (-11.50556,1.210751) (-11.50788,3.20061) (-12.4618,3.17539) (-12.47126,2.171422) (-12.65883,2.067768) (-13.35524,2.0438) (-13.46784,2.17068) (-13.82986,2.176549) (-13.91401,2.075269) (-14.26823,2.079014) (-14.33605,2.44395) (-14.95626,2.441928) (-14.94309,1.236872) (-14.57808,0.4582416) (-13.90006,0.4574582) (-13.89166,-0.2717739)
(-8.791619,-1.640076) (-8.477066,-1.652369) (-8.379571,-1.808783) (-0.445395,-1.799595) (-0.4410331,-2.036575) (-0.6242429,-2.039573) (-0.7431719,-1.910856) (-1.83415,-1.89835) (-1.60571,-2.644397) (-1.580572,-3.069704) (1.865649,-3.065668) (2.03713,-2.778933) (1.685836,-2.576459) (1.649244,-2.385174) (2.040159,-2.118975) (2.048617,-1.91668) (1.14473,-1.913548) (0.9921035,-2.037229) (0.8112863,-2.034278) (0.8117996,-1.816262) (2.797431,-1.805758) (2.803455,-0.4749102) (2.896795,-0.3570683) (3.030597,-0.3568428) (3.08345,-0.4869919) (3.083286,-1.113721) (4.010863,-1.101774) (4.008285,-0.6730426) (4.367944,-0.6712218)
(-8.83287,-0.8354387) (-8.49282,-0.8382605) (-8.184837,-0.733498) (-8.186178,-0.4499176) (-8.452353,-0.29589) (-8.442046,-0.03380224) (-8.088207,0.0967712) (-7.92689,0.3655184) (-7.925612,1.401187) (-7.639612,1.401898) (-7.523113,1.349831) (-7.290526,1.335646) (-7.10547,1.422877) (-6.33165,1.419261) (-6.159031,1.33948) (-5.942391,1.334746) (-5.776771,1.406438) (-5.004841,1.408416) (-4.844049,1.352117) (-4.608784,1.352113) (-4.456556,1.40971) (-3.523595,1.412577) (-3.520935,0.9213981) (-2.465536,0.8827403) (-2.474633,1.314879) (-1.337851,1.377257) (-1.323959,3.023837) (-1.618507,3.447274) (-1.609065,5.558088) (-1.834859,5.78409) (-2.293582,5.801613) (-2.304999,6.677835) (-1.520619,6.680501) (-1.520418,7.443104)
(-0.3275228,7.319745) (-0.3270569,6.667881) (0.01766863,6.66899) (0.01241617,2.920892) (0.04391556,2.739981) (0.03591204,1.305636) (0.1272773,1.222615) (0.2902149,1.120902) (0.2959781,0.6275588) (0.2466311,0.3748338) (0.4014665,0.1959238) (0.5784051,0.08054905) (0.5582557,-0.1377602) (0.6901353,-0.2651669) (0.813319,-0.1825323) (1.882595,-0.1882137) (1.886091,-0.9860865) (1.98844,-1.07367) (2.121817,-0.9885357) (2.079613,0.3314859) (4.0155,0.3134927) (4.017383,0.1146271) (4.410442,0.1145072)
(-3.789423,8.060939) (-3.360394,8.058386) (-3.361936,7.585318) (-1.518651,7.582849) (-1.51629,6.897281)
(-0.3276537,6.740432) (-0.3267135,7.58643) (2.348417,7.593921) (2.340089,8.057134) (2.838824,8.065406)
(-3.854213,8.853719) (-3.356832,8.854605) (-3.324265,9.093654) (-2.802774,9.424075) (-1.606528,9.42758) (-1.398799,9.331013) (-1.240515,9.30058) (-1.124339,9.321713) (-0.8871441,9.414958) (0.2057831,9.418169) (0.353672,9.342675) (0.5148584,9.281999) (0.6768073,9.316348) (0.8391489,9.421098) (2.01583,9.419906) (2.169501,9.29791) (2.33303,9.234224) (2.33536,8.86784) (2.874809,8.866095)
(-3.525622,8.858198) (-3.885725,8.85726) (-3.888912,9.050066) (-4.097179,9.064512) (-4.3266,9.153421) (-4.323749,10.11809) (-4.537128,10.76189) (-4.719747,11.13734) (-5.025217,11.59097) (-5.225776,11.59822) (-5.334115,11.66203) (-5.343767,11.82) (-5.692319,12.23553) (-6.077424,12.52052) (-6.623687,12.75151) (-6.782733,12.6902) (-6.89463,12.7574) (-6.892749,12.8636) (-7.074221,12.98624) (-7.754135,13.16192) (-8.523164,13.23847) (-8.684267,13.13656) (-8.85572,13.14779) (-8.938745,13.25068) (-9.333408,13.24967) (-10.03124,13.14435) (-10.7647,12.90052) (-10.87891,12.73576) (-11.00628,12.7222) (-11.10844,12.7604) (-11.46173,12.59708) (-11.73124,12.40194) (-11.7576,12.16802) (-11.90705,12.01866) (-12.1746,11.93242) (-12.32829,11.7779) (-12.35934,11.59476) (-12.63039,11.56134) (-12.83441,11.41108) (-13.14259,10.93692) (-13.32554,10.52832) (-13.30396,9.197877) (-13.46796,9.05337) (-13.4741,8.031837) (-13.42152,7.49264) (-13.22832,6.830685) (-13.00173,6.34046) (-12.61687,5.833189) (-12.38425,5.733351) (-12.23875,5.453109) (-11.69708,5.035163) (-11.22427,4.761021) (-10.90824,4.712702) (-10.71547,4.532854) (-10.38377,4.426901) (-9.824739,4.294689) (-9.326833,4.237856) (-8.720805,4.275678) (-8.27245,4.235127) (-7.612947,4.337722) (-7.018895,4.504151) (-6.868068,4.650097) (-6.766322,4.68113) (-6.624613,4.695828) (-6.114302,4.944323) (-5.643821,5.269239) (-5.340237,5.5402) (-5.296103,5.742735) (-5.100102,5.787309) (-4.989989,5.899269) (-4.74347,6.223245) (-4.45425,6.776549) (-4.261594,7.296413) (-4.163108,7.869389) (-3.914319,7.86322) (-3.910859,8.064019) (-3.560334,8.060819)
(-7.714983,5.43726) (-7.359429,5.553212) (-6.982174,5.757483) (-6.377391,6.213044) (-6.001368,6.623106) (-5.650852,7.170923)
(-8.266265,7.298437) (-8.267296,5.851799)
(-7.57402,7.917111) (-6.056797,7.926265) (-6.136981,7.756708) (-7.462361,7.77766) (-7.554103,7.916078)
(-9.918072,7.925048) (-11.50218,7.915313) (-11.36237,7.781813) (-10.11233,7.77387) (-9.910605,7.927512)
(-9.312279,7.313175) (-9.311869,5.828625)
(-11.93514,7.345225) (-11.71328,6.926175) (-11.47842,6.583897) (-11.19006,6.266077) (-10.82989,5.958067) (-10.4353,5.706132) (-10.16161,5.56689) (-9.851611,5.456525)
(-7.526872,8.955747) (-6.029075,8.950937)
(-5.488227,9.383634) (-5.570149,9.376133) (-5.696403,9.719774) (-5.939435,10.11046) (-6.258337,10.48634) (-6.576073,10.77546) (-6.862606,10.97215) (-7.260777,11.2153) (-7.580778,11.33738) (-7.754492,11.54428) (-7.416903,11.44315) (-6.986969,11.22209) (-6.677588,11.0135) (-6.294706,10.71251) (-6.038608,10.43536) (-5.839064,10.15715) (-5.673316,9.863144) (-5.548763,9.577497) (-5.476987,9.375607)
(-8.265376,9.51088) (-8.263732,11.1425)
(-8.886846,-7.995717) (-8.532104,-7.997131) (-8.532892,-8.679031) (-8.036824,-8.664539) (-8.043002,-10.4675) (-8.529308,-10.46552) (-8.539575,-11.90405) (-8.924159,-11.90229)
(-8.925779,-7.195223) (-8.542553,-7.196155) (-8.525546,-5.954915) (-6.683332,-5.956091) (-6.678199,-9.546827) (-5.875857,-9.545488) (-5.882681,-8.876453) (-2.228813,-8.873413) (-2.202244,-11.00626) (-1.736679,-11.01017) (-1.748498,-11.96629) (-1.48267,-11.96517)
(-8.88196,-12.70318) (-8.550611,-12.70105) (-8.546182,-13.17776) (-1.741881,-13.16913) (-1.748652,-12.78946) (-1.4775,-12.79245)
(-8.643423,-11.90162) (-9.009799,-11.90135) (-9.008525,-11.35979) (-16.95227,-11.36104) (-16.95452,-13.26016) (-15.15803,-13.26459) (-15.01583,-13.26782) (-14.98855,-13.07643) (-14.6182,-13.09101) (-14.45284,-13.14448) (-14.44932,-14.2475) (-14.57198,-14.41945) (-14.59052,-14.93393) (-14.51265,-15.13859) (-14.31196,-15.15483) (-14.26082,-15.28112) (-14.2628,-16.81508) (-14.16203,-16.92076) (-13.67783,-16.94882) (-13.54266,-16.81123) (-13.53373,-15.18775) (-12.90455,-15.18857) (-12.76699,-15.12105) (-12.7116,-14.99375) (-12.71666,-14.37298) (-12.86688,-14.27475) (-12.85941,-13.15348) (-12.72164,-13.08498) (-12.31283,-13.08239) (-12.29272,-13.24584) (-10.43949,-13.25609) (-8.999346,-13.27575) (-8.994207,-12.70773) (-8.641171,-12.70565)
(2.545268,8.859646) (2.923118,8.85927) (2.917882,9.496401) (3.329931,9.43081) (3.528259,9.505051) (3.661227,9.701638) (5.628694,9.692849) (5.973226,9.471859) (5.975547,7.876566) (5.758133,7.731698) (4.521097,7.723544) (4.528158,6.634421) (4.2855,6.233686) (2.927807,6.228854) (2.93457,8.066785) (2.602454,8.064691)
(16.51671,8.646623) (16.17768,8.646716) (16.15307,7.9775) (15.05678,7.974468) (15.0619,8.526336) (14.97818,8.712512) (13.86187,8.45585) (13.80307,8.290793) (13.79954,7.758854) (11.10097,7.751239) (11.10399,7.647718) (10.50988,7.646337) (10.50865,7.739585) (9.735133,7.738641) (9.546408,7.862723) (9.543139,9.509998) (9.856339,9.71242) (13.79913,9.716454) (13.79992,9.141828) (13.85311,9.046237) (14.95903,9.29871) (15.05949,9.457063) (15.06446,9.941607) (16.16467,9.946694) (16.17507,9.443351) (16.5641,9.438322)
(10.46487,6.304631) (14.24713,6.270213) (14.2531,5.556904) (10.48865,5.568405) (10.48424,6.307353)
(4.084074,0.1168281) (4.456663,0.1191483) (4.456962,0.5659752) (5.623947,0.564113) (5.618522,1.433488) (5.475291,1.438951) (5.470914,3.680179) (6.078482,3.669206) (6.2293,3.513) (6.70134,3.368061) (7.000872,3.33035) (7.007857,1.434924) (6.804887,1.437576) (6.820045,0.5788898) (7.370389,0.5779886) (7.664962,0.4793224) (7.946116,0.5770458) (8.659927,0.5758769) (8.66353,1.443222) (8.090346,1.441057) (8.093046,2.185557) (8.451802,2.308688) (8.549082,2.496261) (9.209348,2.496133) (9.195152,3.348684) (9.377824,3.368267) (9.575262,3.503911) (9.686353,3.596242) (9.964178,3.602835) (10.14088,3.492202) (10.57477,3.378777) (10.57335,2.329448) (10.08278,2.328432) (10.08187,1.43716) (9.843735,1.435984) (9.840565,0.5657735) (10.48561,0.5688565) (10.77119,0.4898677) (11.07022,0.5716506) (11.70528,0.5746858) (11.71127,1.425143) (11.19475,1.422741) (11.19523,2.827469) (12.1708,2.829023) (12.1765,2.457471) (13.19447,2.460473) (13.20183,1.618829) (12.91092,1.430835) (12.9204,0.5770671) (13.48023,0.5765182) (13.81051,0.4958534) (14.12737,0.5758836) (14.74144,0.5764709) (14.74242,1.424285) (14.27012,1.441725) (14.29426,3.498686) (15.25976,3.486726) (15.26095,2.604861) (15.37234,2.454789) (15.99119,2.45368) (16.09971,2.582138) (16.35321,2.57881) (16.49044,2.495174) (16.71728,2.417478) (16.80511,2.217203) (16.63855,2.037951) (16.4264,1.891837) (16.33355,1.675533) (16.45134,1.547075) (16.3927,1.432017) (15.95241,1.437393) (15.94727,0.5693587) (17.25088,0.572821) (17.24765,0.1191841) (17.65965,0.1213853)
(4.130811,-0.6807295) (4.454815,-0.6857201) (4.446455,-1.000261) (5.622482,-1.000065) (5.635356,-1.904223) (5.450109,-2.019036) (5.446249,-4.150476) (7.442302,-4.147058) (7.43352,-1.880722) (6.792991,-1.878254) (6.800576,-1.000716) (11.70343,-0.9970887) (11.71421,-1.922409) (11.53619,-2.03492) (11.53099,-4.151629) (12.41465,-4.159852) (12.4172,-3.870794) (13.34505,-3.873369)
(13.23814,-3.873506) (13.51192,-3.867576) (13.51274,-1.877506) (12.90263,-1.873911) (12.91444,-0.996398) (17.25184,-0.9903842) (17.24835,-0.6918265) (17.57413,-0.6859772)
(17.3673,-0.6723289) (17.63895,-0.6722896) (17.72919,-0.7998894) (17.71904,-0.9896551) (17.92686,-0.985401) (17.94152,-1.267054) (19.43565,-1.280648) (19.43298,-0.780601) (20.35838,-0.7849787) (20.69626,-1.048021) (20.6809,-2.50104) (24.59558,-2.506082) (24.59263,-1.01672) (24.84958,-0.7467367) (24.85712,-0.008633208) (25.21321,-0.008343983)
(17.31441,0.1223279) (17.71636,0.1285996) (17.71715,0.4492794) (17.8786,0.5616432) (17.87829,3.728341) (16.89021,3.721987) (16.89806,5.255869) (18.35498,5.251333) (18.31859,4.547088) (17.42471,4.537665) (17.42406,4.373316) (18.37393,4.389128) (18.61214,4.567176) (19.1179,4.830626) (19.26223,5.192926) (19.26349,6.04189)
(20.46556,6.019821) (20.46805,5.180863) (20.61453,5.050004) (20.72546,4.974508) (20.97356,4.927974) (20.99036,4.217092) (19.52394,4.219594) (19.52042,3.914912) (19.05264,3.909714) (19.05498,1.085529) (19.56385,1.093853) (19.66157,1.037768) (20.0708,1.035189) (20.0787,0.8743849) (23.23643,0.8599467) (23.45657,1.109525) (23.45831,2.095474) (20.36347,2.091295) (20.36407,3.033036) (24.71535,3.02161) (24.73088,2.152309) (24.59524,2.061545) (24.59386,1.029787) (24.81646,1.031042) (24.87513,0.784597) (25.24172,0.7875271)
(16.22179,9.449925) (16.592,9.438324) (16.59107,9.799691) (16.87871,9.794971) (16.92276,10.31483) (17.01632,10.65433) (17.21138,11.11462) (17.39006,11.29192) (18.45865,10.58858) (18.91402,10.84526) (18.93848,11.36767) (18.21631,11.9339) (18.38113,12.13898) (18.97462,12.31696) (19.51716,12.42964) (19.68595,12.28891) (19.81967,12.22006) (19.98791,12.2399) (20.263,12.43252) (20.84539,12.33231) (21.57466,11.97358) (20.841,11.53123) (20.82343,10.82067) (21.34241,10.61472) (22.39914,11.30403) (22.61796,10.99029) (22.75916,10.68193) (22.85105,10.24614) (22.90274,9.794479) (23.72962,9.795464) (23.7276,9.4373) (24.12314,9.44237)
(16.26713,8.641379) (16.5984,8.641698) (16.59088,8.362716) (16.85259,8.350898) (16.90724,7.96319) (17.04374,7.638478) (17.12429,7.4979) (17.2701,7.363121) (18.39698,7.98732) (18.75015,7.645493) (18.76575,6.911261) (18.09283,6.498992) (18.49096,6.280388) (18.97352,6.11521) (19.27451,6.077439) (19.27451,5.385819)
(20.44999,5.35021) (20.45315,6.072403) (20.69072,6.095522) (21.06207,6.208974) (21.33657,6.313317) (21.72756,6.524127) (21.00678,6.97053) (21.03955,7.697658) (21.39902,8.000195) (22.51733,7.360611) (22.68085,7.515319) (22.83217,7.828372) (23.71497,7.834609) (23.71838,8.643151) (24.11422,8.641211)
(18.82711,9.06955) (19.10436,9.007864) (19.47142,8.891902) (19.89151,8.762231) (20.26792,8.893024) (20.68389,9.02286) (20.94927,9.026827) (21.07219,9.240953) (20.87274,9.32188) (20.62355,9.315363) (20.16726,9.579005) (19.88674,9.651817) (19.60579,9.591384) (19.38572,9.449701) (19.14858,9.328643) (18.9145,9.303246) (18.71852,9.193658) (18.82066,9.081324)
(23.83367,8.656083) (24.17862,8.646399) (24.18925,5.929824) (24.41528,5.925169) (24.55492,5.789554) (24.56074,5.577405) (24.51148,4.556463) (27.55369,4.553153) (27.54975,4.833504) (28.04312,4.831136) (28.04484,4.660454) (33.23555,4.646424) (33.23402,3.796052)
(23.80908,9.448383) (24.18992,9.442202) (24.20322,9.769654) (24.34319,9.795302) (24.62013,9.813514) (24.78232,9.883697) (24.94532,10.0641) (27.52629,10.05588) (27.55009,5.704739) (28.04051,5.702101) (28.32124,5.717602) (28.4997,5.997903) (28.82189,5.999148) (28.81489,6.844117) (28.65712,6.838084) (28.66715,7.54099) (28.78553,7.491501) (28.9524,7.492608) (29.12366,7.392945) (29.27793,7.40689) (29.4008,7.51863) (29.46143,7.724545) (29.80367,7.727155) (29.81748,6.834863) (29.68183,6.833421) (29.68577,5.984917) (30.36588,5.983824) (30.36858,6.826981) (30.19855,6.834031) (30.20333,7.760964) (30.51846,7.755438) (30.58057,7.550571) (30.70789,7.402945) (30.82529,7.387939) (30.94207,7.426145) (31.06532,7.577645) (31.233,7.540353) (31.36461,7.477885) (31.36016,7.455339) (31.35309,6.832047) (31.22327,6.82622) (31.22967,5.980998) (31.85829,5.98956) (31.85102,6.834255) (31.67953,6.837724) (31.69362,7.573009) (31.85805,7.522245) (32.06666,7.54718) (32.17828,7.454453) (32.28524,7.431738) (32.48058,7.493668) (32.56321,7.724831) (32.8264,7.720573) (32.8418,6.838792) (32.72615,6.834598) (32.72024,6.003712) (33.34249,5.998977) (33.34361,6.840816) (33.18965,6.830325) (33.19407,7.740204) (33.44451,7.748093) (33.51972,7.59394) (33.61355,7.471326) (33.7496,7.445954) (33.91323,7.541088) (34.00943,7.658882) (34.16102,7.554367) (34.34412,7.493284) (34.33792,6.842475) (34.2001,6.837014) (34.20088,6.001976) (35.00393,5.99776) (34.99923,4.660586) (34.42128,4.655818) (34.43039,3.775892)
(24.96806,-0.008893895) (25.29822,-0.008040488) (25.29513,-0.4554807) (26.51419,-0.452412) (26.54314,-0.5716544) (26.82701,-0.5710855) (26.82866,1.079186) (26.5874,1.079621) (26.53876,1.007093) (25.29172,1.012162) (25.30005,0.7960464) (24.92213,0.7961385)
(29.96085,-1.266877) (29.58326,-1.264201) (29.58097,-1.022481) (28.34134,-1.014801) (28.25593,-0.9411207) (28.02172,-0.9342293) (28.01121,-2.637663) (28.2767,-2.634093) (28.30942,-2.505496) (29.58003,-2.49714) (29.5684,-2.078724) (29.93364,-2.080135)
(4.370167,-12.81249) (4.710572,-12.81282) (4.707167,-13.11517) (6.50629,-13.1103) (6.495592,-14.29286) (5.247363,-14.29567) (5.243162,-15.08895) (8.385489,-15.08733) (9.752759,-15.6652) (9.775661,-16.81787) (10.7572,-16.81301) (10.75556,-14.82494) (9.504161,-14.81039) (8.373489,-14.31838) (7.676992,-14.3109) (7.678667,-13.10184) (9.33233,-13.10819) (9.337194,-10.93457) (10.69647,-10.93515) (10.69263,-9.326107) (11.43536,-9.320176) (11.43323,-9.152807) (11.98803,-9.151772)
(4.32737,-12.0095) (4.727947,-12.01022) (4.69901,-9.960796) (7.284973,-9.969092) (7.377474,-10.16938) (7.53201,-10.24158) (7.732461,-10.29306) (7.831082,-10.54931) (8.012747,-10.64477) (8.200947,-10.63187) (8.325757,-10.46359) (8.447688,-10.25914) (8.649251,-10.20599) (8.840059,-10.02825) (9.179604,-10.00085) (9.375246,-10.03905) (9.622617,-10.0322) (9.596861,-7.827077) (9.733359,-7.821468) (9.726049,-6.921235) (9.193755,-6.920204) (9.201669,-5.847182) (11.45066,-5.838676) (11.45749,-6.005068) (11.7724,-6.005147)
(11.91983,-6.651103) (11.43875,-6.649197) (11.43361,-6.921025) (10.89167,-6.927078) (10.89565,-7.792764) (11.38012,-8.026577) (11.39481,-8.504828) (11.8462,-8.518177)
(7.803439,-11.81633) (7.972384,-11.90594) (8.191087,-11.92311) (8.41914,-11.85654) (8.559229,-11.81633)
(29.63205,-1.270287) (30.04259,-1.265967) (30.04222,-0.9589438) (31.95887,-0.9821733) (31.98013,-2.309789) (32.03697,-2.419954) (32.13166,-2.419305) (32.19104,-2.274939) (32.18625,-1.397807) (32.65844,-1.308104) (32.80399,-1.168286) (32.81144,-0.7221938) (32.57572,0.3165706) (32.51032,0.7073128) (31.13059,0.8734886) (30.81089,1.259735) (30.03755,1.423906) (30.02572,1.989071) (30.85481,1.985681) (31.07541,1.916072) (31.31409,1.983877) (32.35394,1.979551) (32.38552,2.087662) (33.20528,2.095015) (33.20879,2.99391) (33.11339,3.133411) (33.0251,3.022423) (33.01538,2.703999) (32.41338,2.689663) (32.41671,3.773757) (33.23489,3.781551) (33.23623,4.150618)
(34.41613,4.105896) (34.42494,3.77648) (35.55035,3.76019) (35.56692,2.703616) (34.76677,2.709988) (34.7392,3.057398) (34.65187,3.164597) (34.55305,3.062527) (34.52196,2.097046) (35.55614,2.10332) (35.57702,2.011288) (36.37502,1.993334) (36.48242,1.913596) (36.60581,1.895214) (36.76078,1.909804) (36.77514,1.59312) (37.71261,1.590941) (37.71786,1.509012) (39.59365,1.496941) (39.58691,1.273642) (39.76616,1.277226) (39.76548,-0.3858772) (39.59784,-0.3800054) (39.60247,-2.166032) (39.78012,-2.162822) (39.77282,-3.743397) (39.56306,-3.749745) (39.55266,-4.141446) (38.96266,-3.7969) (38.1321,-4.17856) (36.65881,-4.175798) (36.66886,-4.021609) (35.60856,-3.336062) (35.88046,-3.101389) (36.27645,-3.269305) (36.76783,-2.843386) (36.7737,-2.629478) (37.73983,-2.600035) (37.82119,-2.467725) (38.26999,-2.494005) (38.56419,-2.176709) (38.5711,-1.834906) (37.71861,-1.686539) (37.5928,-1.414512) (36.17735,-1.44299) (36.04073,-1.527819) (35.52038,-1.306454) (34.1306,-2.346388) (34.1545,-2.921303) (33.87265,-2.9713) (33.64423,-3.263165) (33.55372,-3.504774) (33.66428,-3.626854) (33.96923,-3.622187) (33.98045,-3.862042) (33.71236,-4.074553) (33.69054,-4.181582) (33.13437,-4.17722) (33.13283,-4.952418)
(29.67477,-2.080447) (30.03953,-2.077792) (30.04152,-2.409874) (31.00941,-2.42762) (31.01302,-1.710206) (31.095,-1.632653) (31.22884,-1.758518) (31.21152,-3.011549) (30.011,-3.006915) (30.02134,-4.181694) (31.95038,-4.181936) (31.94147,-4.982609)
(11.66818,-6.010667) (12.04166,-6.007255) (12.35067,-5.906975) (12.48136,-5.758442) (12.55682,-5.650322) (12.55944,-5.534685) (13.19915,-5.538996) (13.21112,-5.651604) (13.95297,-5.650913) (14.04543,-5.825204) (14.23148,-5.935197) (14.44239,-6.021726) (15.01721,-6.018828) (15.01684,-5.70316) (15.28448,-5.703488) (15.28519,-5.811196) (17.15269,-5.803948) (17.28468,-5.882973) (17.5261,-6.025017) (18.10297,-6.022561) (18.0975,-5.648492) (18.7179,-5.646848) (18.70556,-4.48939) (17.24664,-4.493034) (17.25615,-4.160796) (17.94451,-3.686165) (20.40288,-3.68711) (20.3946,-4.502329) (19.90919,-4.501302) (19.93807,-5.657718) (20.19437,-5.860076) (20.4719,-5.860795) (20.48564,-6.912728) (19.93501,-6.927544) (19.9352,-8.054311) (21.10738,-8.076041) (21.10897,-8.340407) (21.48705,-8.339218)
(11.62584,-6.63205) (12.04062,-6.632315) (12.03518,-6.918284) (12.6667,-6.923772) (12.66561,-8.04015) (12.04936,-8.049082) (12.04692,-8.509334) (11.50758,-8.515589)
(11.53321,-9.143434) (12.03702,-9.139459) (12.03226,-9.355042) (12.561,-9.349961) (12.66747,-9.301188) (12.73792,-9.301228) (12.79714,-9.398258) (12.76946,-11.04868) (12.83964,-11.21926) (13.16295,-11.49791) (15.06858,-11.51625) (15.15434,-11.73109) (17.51911,-11.74314) (17.56006,-11.58142) (18.07401,-11.58419) (18.11588,-11.73979) (20.48231,-11.73459) (20.47447,-10.47591) (19.93372,-10.47463) (19.9336,-9.305803) (21.08979,-9.313205) (21.13617,-9.166745) (21.4399,-9.133141)
(13.89004,-6.912827) (14.43694,-6.909325) (14.47433,-6.679531) (14.99404,-6.673645) (15.03087,-6.902806) (15.71456,-6.904119) (15.69517,-8.065161) (15.01492,-8.067219) (15.00838,-8.476792) (14.43446,-8.486504) (14.3189,-8.359094) (14.1006,-8.3048) (14.01884,-8.088633) (13.90464,-8.079865) (13.88788,-6.927657)
(13.88314,-6.910269) (14.43694,-6.909325) (14.48723,-6.675228) (15.01555,-6.673645) (15.03087,-6.902806) (15.63477,-6.919079) (15.63533,-8.050201) (15.04115,-8.071589) (15.05208,-8.485534) (14.43446,-8.486504) (14.42776,-8.062546) (13.89032,-8.043935) (13.88341,-6.905281)
(13.87022,-6.909733) (14.46705,-6.913627) (14.49499,-6.745507) (15.01125,-6.744769) (15.03087,-6.902805) (15.62678,-6.914086) (15.62759,-8.054941) (15.44877,-8.071518) (15.36105,-8.282927) (15.18491,-8.326846) (15.05208,-8.485534) (14.43446,-8.486504) (14.42776,-8.062546) (13.89279,-8.039896) (13.88036,-6.904354)
(15.68829,-9.332767) (15.69585,-10.46734) (15.44886,-10.46865) (15.36264,-10.70482) (15.11582,-10.87538) (14.09668,-10.84296) (13.82293,-10.68182) (13.72097,-10.52894) (13.70159,-9.34051) (13.76106,-9.264834) (13.86623,-9.280823) (13.92744,-9.325546) (14.4407,-9.326488) (14.48466,-9.16911) (14.9952,-9.160357) (15.02256,-9.327901) (15.69389,-9.336746)
(21.1508,-8.346367) (21.53413,-8.347633) (21.51758,-6.341946) (21.68291,-6.316859) (21.80279,-6.191787) (21.77194,-5.863787) (22.00528,-5.733915) (22.24481,-5.835661) (22.52473,-5.634049) (22.3841,-5.348256) (22.64115,-5.3192) (22.82317,-5.09792) (26.05718,-5.102329) (26.13982,-5.173426) (26.26974,-5.247285) (26.391,-5.441343) (26.7892,-5.445518) (26.79752,-5.072999) (27.59477,-5.081031) (27.73421,-5.213257) (27.85027,-5.249107) (29.97207,-5.241584) (30.18326,-5.098794) (30.96158,-5.085246) (31.06723,-5.176783) (31.18582,-5.216821) (31.31787,-5.174421) (31.41771,-5.086376) (31.95201,-5.083991) (31.94058,-4.486775)
(21.19219,-9.143792) (21.5288,-9.140752) (21.52507,-9.744277) (22.34755,-10.59708) (25.82591,-10.59993) (26.38422,-9.92147) (26.37686,-9.360614) (26.01472,-9.286954) (25.78516,-9.140631) (25.78226,-8.225286) (24.68164,-8.254874) (24.68,-9.103557) (24.51435,-9.20449) (24.13246,-9.212402) (23.95899,-9.035179) (23.94953,-8.224118) (23.61876,-7.977326) (23.6324,-6.948333) (23.96543,-6.721925) (26.33543,-6.723498) (26.33204,-6.314115) (26.79491,-6.313346) (26.78657,-6.72128) (27.36106,-6.721763) (27.37912,-6.894475) (28.02413,-6.899055) (28.30912,-7.137161) (29.87564,-7.137565) (30.20742,-6.86943) (30.79156,-6.84772) (30.82874,-6.585979) (33.31768,-6.595332) (33.32219,-5.098347) (33.1452,-5.106394) (33.13522,-4.403719)
(3.911768,13.85266) (3.904901,14.37323) (3.055537,14.36932) (3.055922,16.17195) (5.002434,16.1563) (5.19547,16.04318) (5.425587,16.00746) (5.737369,16.10522) (5.825475,16.15562) (6.264071,16.14885) (6.264014,15.87451) (7.026298,15.87314) (7.040138,15.64909) (7.854608,15.6553) (7.853753,16.15864) (14.36638,16.14839) (14.36831,15.49349) (14.80551,15.48425) (14.82727,15.85531) (15.69049,15.86464) (15.83488,15.94158) (15.87892,16.13076) (16.50696,16.14207) (16.51411,15.76042) (17.33245,15.75774) (17.34869,15.27619) (17.49837,15.2232) (17.49736,14.87859) (17.37148,14.82247) (17.37835,14.2142) (14.79822,14.2169) (14.79074,14.54793) (14.37511,14.54386) (14.37879,13.67128) (7.868568,13.67035) (7.868159,14.25339) (7.039716,14.26473) (7.038588,13.67892) (6.098576,13.67701) (6.085096,14.3654) (5.136877,14.35259) (5.132302,13.84139) (3.901567,13.84832)
(8.585021,14.63922) (8.585626,15.49938) (8.980776,15.56786) (9.390569,15.46082) (9.824985,15.58001) (10.2297,15.4572) (10.628,15.58025) (11.00074,15.44356) (11.37054,15.56585) (11.83204,15.45158) (12.23334,15.59741) (12.63161,15.43584) (13.01441,15.61513) (13.26388,15.59196) (13.4397,15.47673) (13.45238,14.58945) (13.17107,14.44966) (12.91651,14.45591) (12.6266,14.67003) (12.24875,14.45107) (11.80452,14.66617) (11.39094,14.45237) (10.99775,14.66232) (10.60459,14.45356) (10.21147,14.70947) (9.833596,14.45473) (9.404706,14.68518) (8.991151,14.45601) (8.695064,14.45646) (8.588435,14.64316)
(-1.65789,-12.76731) (-1.316503,-12.76596) (-1.316166,-13.14125) (4.247796,-13.1429) (4.249872,-12.81367) (4.588986,-12.81202)
(-1.701628,-11.95378) (-1.312271,-11.95691) (-1.250281,-11.7014) (4.178205,-11.70233) (4.203038,-12.00892) (4.617874,-12.00456)
(-9.862005,-3.885463) (-11.53702,-3.885463) (-11.53702,-4.412988) (-9.862005,-4.412988) (-9.862005,-3.885463)
(-9.862005,-8.798404) (-11.53702,-8.798404) (-11.53702,-9.311112) (-9.862005,-9.311112) (-9.862005,-8.798404)
(-9.750773,6.649997) (-10.23127,6.649997) (-10.23127,6.248957) (-9.750773,6.248957) (-9.750773,6.649997)
(-10.66876,7.337173) (-11.14925,7.337173) (-11.14925,6.93937) (-10.66876,6.93937) (-10.66876,7.337173)
(-3.049332,-10.10524) (-5.352185,-10.10524) (-5.352185,-10.759) (-3.049332,-10.759) (-3.049332,-10.10524)
(-3.049332,-11.89438) (-5.352185,-11.89438) (-5.352185,-12.515) (-3.049332,-12.515) (-3.049332,-11.89438)
(23.09994,0.06535864) (20.56582,0.06535864) (20.56582,-0.1327237) (23.09994,-0.1327237) (23.09994,0.06535864)
(23.4185,-1.03898) (21.84005,-1.03898) (21.84005,-1.916657) (23.4185,-1.916657) (23.4185,-1.03898)
(26.48842,9.075023) (25.31991,9.075023) (25.31991,7.648748) (26.48842,7.648748) (26.48842,9.075023)
(26.48842,6.588984) (25.31991,6.588984) (25.31991,5.19517) (26.48842,5.19517) (26.48842,6.588984)
(6.719895,-11.36304) (5.47974,-11.36304) (5.47974,-11.81518) (6.719895,-11.81518) (6.719895,-11.36304)
(8.738053,-11.35507) (7.510914,-11.35507) (7.510914,-11.81518) (8.738053,-11.81518) (8.738053,-11.35507)
(-0.3291866,0) (0.3291866,0.3291866) (0.6583732,0) (0.3291866,0.3291866) (-0.6583732,0)
(-0.2542553,0) (0.2542553,0.2542553) (0.5085106,0) (0.2542553,0.2542553) (-0.5085106,0)
(13.24433,-4.499919) (13.24878,-5.010986) (14.49186,-5.016655) (14.49051,-5.261805) (14.98502,-5.262676) (14.98584,-5.009169) (15.32951,-5.008646) (15.33351,-5.205608) (16.98253,-5.187002) (16.9779,-5.00614) (17.56651,-5.005245) (17.57601,-5.257058) (18.06361,-5.255412) (18.06785,-5.001053) (18.68115,-5.000103) (18.67963,-4.52184) (17.02291,-4.528776) (17.01885,-3.042992) (20.45203,-3.045387) (20.47937,-4.531784) (19.95031,-4.533699) (19.95813,-5.00501) (20.54358,-5.01227) (20.54195,-6.947409) (19.94732,-6.945374) (19.95498,-7.420257) (21.13659,-7.425197) (21.13324,-7.627992) (21.49961,-7.636)
(11.50533,-9.172968) (11.98279,-9.176331) (11.98922,-9.375989) (12.63209,-9.375942) (12.67537,-9.300284) (12.74272,-9.306814) (12.75727,-9.359571) (12.73983,-11.0426) (12.75965,-11.10165) (12.77119,-11.19073) (12.83158,-11.22746) (12.83995,-11.28305) (12.88717,-11.3183) (12.92459,-11.39211) (12.9953,-11.42959) (13.03014,-11.47267) (13.11683,-11.48415) (13.21314,-11.53158) (14.9728,-11.53044) (15.04783,-11.54779) (15.08521,-11.57961) (15.05895,-11.61776) (15.01808,-11.67069) (15.01304,-11.77359) (17.57772,-11.77746) (17.56416,-11.59646) (18.05105,-11.59746) (18.05142,-11.77575) (20.53649,-11.77254) (20.54081,-9.841003) (19.95102,-9.831125) (19.94536,-9.357937) (21.14175,-9.348281) (21.13952,-9.19059) (21.4812,-9.189327)
(12.52561,-4.56645) (12.52597,-5.008878) (11.9911,-5.009898) (11.98614,-5.249488) (11.49835,-5.251798)
(18.06502,-6.945622) (18.67189,-6.941694) (18.68556,-7.4117) (18.0414,-7.428703) (18.05231,-7.733563) (17.58204,-7.742327) (17.57026,-7.412163) (16.94886,-7.41368) (16.94239,-6.941051) (17.58263,-6.939175) (17.58446,-6.696082) (18.06134,-6.696437) (18.06373,-6.947431)
(13.91727,-9.354623) (14.48683,-9.352476) (14.48688,-9.185989) (14.97638,-9.187501) (14.97462,-9.350637) (15.69605,-9.347918) (15.68239,-9.825948) (14.9872,-9.836722) (14.98026,-10.06423) (15.04466,-10.12155) (15.04745,-10.16676) (14.97416,-10.19373) (14.67902,-10.18203) (14.32132,-10.18746) (14.04608,-10.15917) (13.87163,-10.05492) (13.80922,-9.98138) (13.74488,-9.852007) (13.75978,-9.417733) (13.74012,-9.351611) (13.76781,-9.289933) (13.8448,-9.306457) (13.87092,-9.340744) (13.91896,-9.356215)
(11.51666,-7.752146) (11.98988,-7.755126) (11.98642,-7.42875) (12.64315,-7.4232) (12.65182,-6.945045) (11.98836,-6.930521) (11.98985,-6.679015) (11.64352,-6.681569)
(18.04378,-9.351138) (18.67557,-9.353913) (18.68013,-9.838058) (18.06372,-9.842699) (18.0513,-10.15337) (17.56822,-10.15438) (17.57474,-9.839076) (16.9479,-9.835162) (16.94909,-9.349567) (17.57149,-9.347048) (17.57037,-9.181834) (18.04671,-9.183824) (18.05039,-9.350534)
(14.49625,-6.924356) (13.90842,-6.937685) (13.91825,-7.427229) (14.48365,-7.42862) (14.49392,-7.749632) (14.98278,-7.738917) (14.98528,-7.429673) (15.66884,-7.423855) (15.66691,-6.938859) (14.97106,-6.935668) (14.97844,-6.703414) (14.49264,-6.700523) (14.49782,-6.924356)
(-2.535742,0.8500072) (-2.049354,0.2889237) (-2.341152,-0.1494614) (-4.450888,-0.1274282) (-6.332565,0.04715132) (-6.0899,0.4930227) (-5.613416,0.8124823) (-3.814947,0.8868923) (-2.468606,0.8575804)
(34.75221,-0.4173391) (37.05008,-0.4006316) (37.04756,0.04533567) (36.83799,0.2537852) (36.00438,0.2639198) (35.91608,0.4882321) (34.75167,0.4806468) (34.62226,-0.2338717) (34.75784,-0.425309)
(-2.6355,-0.5922) (-1.787077,-0.253946) (-1.6275,-0.0952) (-1.817253,0.3178226) (-2.393979,0.9440416) (-5.896077,0.9261262) (-6.5835,0.2478) (-6.6325,-0.1442) (-5.7645,-0.6061999) (-2.6355,-0.5922)
(-5.974792,-2.229493) (-5.71295,-1.798917) (-2.441465,-1.779338) (-2.137287,-2.116978) (-1.82655,-2.507366) (-1.889125,-2.759274) (-2.679174,-3.243704) (-6.227367,-3.306208) (-6.56071,-2.783395) (-6.484576,-2.538279) (-5.943035,-2.210702)
(-6.516907,6.984062) (-6.733539,6.920181) (-6.969766,6.987423) (-6.738074,7.085166) (-6.516907,6.984062)
(-6.486807,9.517362) (-6.703438,9.453481) (-6.939665,9.520723) (-6.707974,9.618465) (-6.486807,9.517362)
(-7.227407,10.26986) (-7.444038,10.20598) (-7.680265,10.27322) (-7.448574,10.37097) (-7.227407,10.26986)